image: map.pgm
resolution: 0.050000
origin: [-0.960459, -7.270000, 0.000000]
#origin: [-0.960459, -7.187630, 0.000000]
negate: 0
occupied_thresh: 0.65
free_thresh: 0.196

